,p,v,I_tot
0,0.0,0.5,102233.09765912076
1,-0.001,0.5,139160.66073654257
2,-0.002,0.5,210198.65628316204
3,-0.003,0.5,306633.06660176464
4,0.0,1.0,187852.95375466425
5,-0.001,1.0,214551.33437637487
6,-0.002,1.0,265440.73589527106
7,-0.003,1.0,328408.95481512183
8,0.0,1.5,276520.4128692624
9,-0.001,1.5,293645.82444077794
10,-0.002,1.5,329706.5209152409
11,-0.003,1.5,380901.1658729481
12,0.0,2.0,362077.52076907526
13,-0.001,2.0,370943.994586292
14,-0.002,2.0,399980.56880983216
15,-0.003,2.0,436945.76612360904
16,0.0,2.5,442260.26867351285
17,-0.001,2.5,448535.5429597582
18,-0.002,2.5,468169.992100536
19,-0.003,2.5,497614.8129043772
20,0.0,3.0,516525.8957275692
21,-0.001,3.0,526430.0046265401
22,-0.002,3.0,536625.0722166065
23,-0.003,3.0,558038.9762045072
24,0.0,3.5,584500.8787465299
25,-0.001,3.5,599290.6415595956
26,-0.002,3.5,606690.0910908042
27,-0.003,3.5,618698.3271985366
28,0.0,4.0,645598.0115652523
29,-0.001,4.0,666033.6479342567
30,-0.002,4.0,675656.3941526017
31,-0.003,4.0,682469.9588898652
32,0.0,4.5,699221.9479858652
33,-0.001,4.5,726619.602634816
34,-0.002,4.5,739147.1157191221
35,-0.003,4.5,746978.146326793
36,0.0,5.0,745021.4969956648
37,-0.001,5.0,780508.8917447272
38,-0.002,5.0,796163.1347581451
39,-0.003,5.0,806212.2672892002
40,0.0,5.5,783030.2447818262
41,-0.001,5.5,827304.6758215184
42,-0.002,5.5,846704.0021054269
43,-0.003,5.5,859345.2572855082
44,0.0,6.0,813857.7501678973
45,-0.001,6.0,866719.3608530227
46,-0.002,6.0,890415.400062982
47,-0.003,6.0,905917.4763493395
48,0.0,6.5,838662.2259584517
49,-0.001,6.5,898934.1067988325
50,-0.002,6.5,927229.1590449498
51,-0.003,6.5,945945.7391078642
